1 0.4354166666666667 0.39375 0.7604166666666666 0.7375
1 0.8145833333333333 0.06666666666666667 0.36875 0.13125
1 0.4 0.61875 0.58125 0.49166666666666664
1 0.29583333333333334 0.17291666666666666 0.5229166666666667 0.3458333333333333
1 0.4479166666666667 0.2625 0.6 0.48541666666666666
1 0.8979166666666667 0.06458333333333334 0.20416666666666666 0.12916666666666668
1 0.3 0.5916666666666667 0.33541666666666664 0.5541666666666667
1 0.41875 0.37916666666666665 0.8375 0.75
1 0.4979166666666667 0.24375 0.69375 0.45208333333333334
1 0.4270833333333333 0.3416666666666667 0.4708333333333333 0.575
1 0.21666666666666667 0.6229166666666667 0.30625 0.3375