1 0.4375 0.4337962962962963 0.775 0.8246296296296296
1 0.81875 0.15175925925925926 0.3625 0.17240740740740743
1 0.39791666666666664 0.6549845679012345 0.5916666666666667 0.5569753086419752
1 0.3020833333333333 0.20200617283950617 0.5291666666666667 0.39679012345679016
1 0.45208333333333334 0.30603395061728395 0.6083333333333333 0.5544135802469137
1 0.9 0.1575 0.2 0.15259259259259264
1 0.29791666666666666 0.6161882716049383 0.3458333333333333 0.5916358024691358
1 0.42291666666666666 0.419891975308642 0.8458333333333333 0.839783950617284
1 0.5020833333333333 0.29209876543209873 0.7041666666666667 0.5344753086419752
1 0.42916666666666664 0.38091049382716047 0.4791666666666667 0.6294753086419753
1 0.21458333333333332 0.6394135802469135 0.3125 0.3717592592592593