1 0.42291666666666666 0.40625 0.8458333333333333 0.8125
1 0.7561728395061728 0.058333333333333334 0.38765432098765445 0.11666666666666667
1 0.39128086419753083 0.6291666666666667 0.658179012345679 0.5583333333333333
1 0.26875 0.20208333333333334 0.5375 0.4041666666666667
1 0.408641975308642 0.27291666666666664 0.6743827160493827 0.5458333333333333
1 0.839891975308642 0.04791666666666667 0.22021604938271602 0.09583333333333334
1 0.28973765432098764 0.6145833333333334 0.4217592592592593 0.5875
1 0.43125 0.40625 0.8625 0.8125
1 0.4550925925925926 0.25625 0.7648148148148147 0.5125
1 0.3952932098765432 0.35208333333333336 0.5608024691358025 0.6291666666666667
1 0.20902777777777776 0.65625 0.3595679012345679 0.37083333333333335